20 200
1 1
2 1
3 1
4 1
5 1
8 1
9 1
10 1
11 1
12 1
14 1
17 1
18 1
19 1
20 1
1 2
2 2
3 2
4 2
5 2
6 2
7 2
8 2
9 2
10 2
11 2
12 2
15 2
17 2
19 2
20 2
9 3
15 3
17 3
19 3
1 4
2 4
6 4
8 4
12 4
15 4
19 4
1 5
3 5
4 5
5 5
6 5
7 5
8 5
10 5
11 5
15 5
16 5
17 5
18 5
2 6
5 6
6 6
17 6
18 6
1 7
2 7
6 7
7 7
8 7
9 7
10 7
11 7
12 7
13 7
14 7
15 7
16 7
17 7
2 8
4 8
6 8
7 8
10 8
11 8
12 8
13 8
15 8
16 8
17 8
18 8
8 9
9 9
10 9
11 9
12 9
17 9
3 10
7 10
8 10
9 10
13 10
14 10
18 10
19 10
1 11
4 11
8 11
9 11
12 11
13 11
14 11
15 11
16 11
17 11
18 11
19 11
1 12
2 12
3 12
4 12
5 12
6 12
8 12
10 12
13 12
14 12
18 12
1 13
2 13
3 13
4 13
9 13
10 13
11 13
14 13
16 13
1 14
2 14
3 14
4 14
5 14
6 14
7 14
8 14
9 14
19 14
20 14
1 15
2 15
3 15
4 15
5 15
8 15
10 15
15 15
16 15
19 15
4 16
6 16
7 16
8 16
9 16
11 16
12 16
13 16
14 16
15 16
20 16
1 17
2 17
3 17
7 17
8 17
9 17
15 17
19 17
20 17
1 18
2 18
5 18
6 18
7 18
8 18
15 18
17 18
18 18
20 18
3 19
5 19
6 19
8 19
14 19
16 19
17 19
18 19
20 19
6 20
7 20
12 20
14 20
15 20
18 20
19 20
20 20
