40 400
1 1
4 1
6 1
7 1
23 1
31 1
32 1
34 1
38 1
39 1
1 2
2 2
4 2
8 2
15 2
19 2
23 2
33 2
37 2
22 3
24 3
25 3
30 3
33 3
4 4
5 4
11 4
14 4
16 4
25 4
31 4
32 4
36 4
40 4
1 5
5 5
6 5
7 5
8 5
11 5
12 5
13 5
15 5
21 5
23 5
28 5
31 5
1 6
4 6
7 6
8 6
13 6
14 6
18 6
20 6
21 6
27 6
28 6
32 6
35 6
37 6
38 6
3 7
4 7
9 7
10 7
13 7
16 7
21 7
22 7
27 7
30 7
31 7
36 7
39 7
40 7
1 8
2 8
5 8
6 8
15 8
16 8
29 8
35 8
38 8
2 9
4 9
5 9
28 9
2 10
3 10
7 10
10 10
12 10
19 10
23 10
24 10
2 11
7 11
14 11
17 11
22 11
23 11
29 11
30 11
32 11
33 11
36 11
40 11
2 12
4 12
6 12
8 12
15 12
17 12
22 12
24 12
26 12
28 12
32 12
34 12
38 12
3 13
9 13
10 13
11 13
14 13
15 13
19 13
22 13
30 13
38 13
7 14
8 14
9 14
21 14
22 14
23 14
31 14
36 14
7 15
8 15
17 15
20 15
30 15
31 15
10 16
12 16
14 16
21 16
22 16
23 16
24 16
25 16
26 16
28 16
29 16
30 16
7 17
8 17
9 17
14 17
16 17
17 17
21 17
26 17
27 17
28 17
35 17
38 17
39 17
40 17
4 18
7 18
8 18
19 18
22 18
25 18
31 18
35 18
37 18
38 18
9 19
15 19
16 19
17 19
18 19
19 19
24 19
25 19
34 19
9 20
10 20
11 20
16 20
25 20
26 20
34 20
1 21
22 21
23 21
24 21
26 21
27 21
28 21
29 21
39 21
3 22
4 22
6 22
7 22
8 22
9 22
11 22
27 22
30 22
35 22
2 23
19 23
29 23
37 23
4 24
5 24
14 24
15 24
20 24
24 24
30 24
37 24
38 24
39 24
4 25
8 25
11 25
21 25
25 25
33 25
35 25
5 26
12 26
14 26
15 26
21 26
22 26
25 26
29 26
31 26
33 26
36 26
39 26
40 26
34 27
40 27
4 28
5 28
9 28
15 28
16 28
17 28
21 28
24 28
26 28
31 28
32 28
37 28
38 28
6 29
10 29
19 29
22 29
23 29
25 29
26 29
35 29
36 29
5 30
6 30
7 30
10 30
11 30
18 30
20 30
25 30
28 30
29 30
30 30
31 30
35 30
39 30
1 31
2 31
7 31
12 31
13 31
15 31
16 31
17 31
26 31
30 31
37 31
2 32
5 32
7 32
14 32
17 32
29 32
30 32
31 32
38 32
16 33
21 33
22 33
23 33
31 33
37 33
39 33
40 33
2 34
5 34
8 34
10 34
11 34
12 34
16 34
19 34
22 34
26 34
29 34
34 34
37 34
8 35
15 35
16 35
19 35
20 35
26 35
27 35
28 35
31 35
32 35
33 35
35 35
37 35
40 35
2 36
8 36
9 36
10 36
13 36
14 36
17 36
20 36
23 36
29 36
33 36
34 36
35 36
1 37
2 37
3 37
6 37
11 37
12 37
18 37
21 37
24 37
31 37
37 37
2 38
5 38
21 38
26 38
29 38
30 38
35 38
11 39
12 39
17 39
20 39
23 39
26 39
27 39
28 39
29 39
31 39
34 39
35 39
5 40
9 40
15 40
16 40
19 40
20 40
21 40
22 40
23 40
24 40
26 40
33 40
34 40
